-6753.20, -1737.40
-6753.20, -1537.40
-6753.20, -1337.40
-6753.20, -1137.40
-6753.20, -937.40
-6753.20, -737.40
-6753.20, -537.40
-6753.20, -337.40
-6753.20, -137.40
-6753.20, 62.60
-6553.20, 462.60
-6553.20, 262.60
-6553.20, 62.60
-6553.20, -137.40
-6553.20, -337.40
-6553.20, -537.40
-6553.20, -737.40
-6553.20, -937.40
-6553.20, -1137.40
-6553.20, -1337.40
-6553.20, -1537.40
-6553.20, -1737.40
-6553.20, -1937.40
-6553.20, -2137.40
-6553.20, -2337.40
-6353.20, -2537.40
-6353.20, -2337.40
-6353.20, -2137.40
-6353.20, -1937.40
-6353.20, -1737.40
-6353.20, -1537.40
-6353.20, -1337.40
-6353.20, -1137.40
-6353.20, -937.40
-6353.20, -737.40
-6353.20, -537.40
-6353.20, -337.40
-6353.20, -137.40
-6353.20, 62.60
-6353.20, 262.60
-6353.20, 462.60
-6353.20, 662.60
-6353.20, 862.60
-6153.20, 1062.60
-6153.20, 862.60
-6153.20, 662.60
-6153.20, 462.60
-6153.20, 262.60
-6153.20, 62.60
-6153.20, -137.40
-6153.20, -337.40
-6153.20, -537.40
-6153.20, -737.40
-6153.20, -937.40
-6153.20, -1137.40
-6153.20, -1337.40
-6153.20, -1537.40
-6153.20, -1737.40
-6153.20, -1937.40
-6153.20, -2137.40
-6153.20, -2337.40
-6153.20, -2537.40
-6153.20, -2737.40
-6153.20, -2937.40
-5953.20, -2937.40
-5953.20, -2737.40
-5953.20, -2537.40
-5953.20, -2337.40
-5953.20, -2137.40
-5953.20, -1937.40
-5953.20, -1737.40
-5953.20, -1537.40
-5953.20, -1337.40
-5953.20, -1137.40
-5953.20, -937.40
-5953.20, -737.40
-5953.20, -537.40
-5953.20, -337.40
-5953.20, -137.40
-5953.20, 62.60
-5953.20, 262.60
-5953.20, 462.60
-5953.20, 662.60
-5953.20, 862.60
-5953.20, 1062.60
-5753.20, 1262.60
-5753.20, 1062.60
-5753.20, 862.60
-5753.20, 662.60
-5753.20, 462.60
-5753.20, 262.60
-5753.20, 62.60
-5753.20, -137.40
-5753.20, -337.40
-5753.20, -537.40
-5753.20, -737.40
-5753.20, -937.40
-5753.20, -1137.40
-5753.20, -1337.40
-5753.20, -1537.40
-5753.20, -1737.40
-5753.20, -1937.40
-5753.20, -2137.40
-5753.20, -2337.40
-5753.20, -2537.40
-5753.20, -2737.40
-5753.20, -2937.40
-5753.20, -3137.40
-5553.20, -3137.40
-5553.20, -2937.40
-5553.20, -2737.40
-5553.20, -2537.40
-5553.20, -2337.40
-5553.20, -2137.40
-5553.20, -1937.40
-5553.20, -1737.40
-5553.20, -1537.40
-5553.20, -1337.40
-5553.20, -1137.40
-5553.20, -937.40
-5553.20, -737.40
-5553.20, -537.40
-5553.20, -337.40
-5553.20, -137.40
-5553.20, 62.60
-5553.20, 262.60
-5553.20, 462.60
-5553.20, 662.60
-5553.20, 862.60
-5553.20, 1062.60
-5553.20, 1262.60
-5553.20, 1462.60
-5353.20, 1662.60
-5353.20, 1462.60
-5353.20, 1262.60
-5353.20, 1062.60
-5353.20, 862.60
-5353.20, 662.60
-5353.20, 462.60
-5353.20, 262.60
-5353.20, 62.60
-5353.20, -137.40
-5353.20, -337.40
-5353.20, -537.40
-5353.20, -737.40
-5353.20, -937.40
-5353.20, -1137.40
-5353.20, -1337.40
-5353.20, -1537.40
-5353.20, -1737.40
-5353.20, -1937.40
-5353.20, -2137.40
-5353.20, -2337.40
-5353.20, -2537.40
-5353.20, -2737.40
-5353.20, -2937.40
-5353.20, -3137.40
-5353.20, -3337.40
-5153.20, -3537.40
-5153.20, -3337.40
-5153.20, -3137.40
-5153.20, -2937.40
-5153.20, -2737.40
-5153.20, -2537.40
-5153.20, -2337.40
-5153.20, -2137.40
-5153.20, -1937.40
-5153.20, -1737.40
-5153.20, -1537.40
-5153.20, -1337.40
-5153.20, -1137.40
-5153.20, -937.40
-5153.20, -737.40
-5153.20, -537.40
-5153.20, -337.40
-5153.20, -137.40
-5153.20, 62.60
-5153.20, 262.60
-5153.20, 462.60
-5153.20, 662.60
-5153.20, 862.60
-5153.20, 1062.60
-5153.20, 1262.60
-5153.20, 1462.60
-5153.20, 1662.60
-4953.20, 1862.60
-4953.20, 1662.60
-4953.20, 1462.60
-4953.20, 1262.60
-4953.20, 1062.60
-4953.20, 862.60
-4953.20, 662.60
-4953.20, 462.60
-4953.20, 262.60
-4953.20, 62.60
-4953.20, -137.40
-4953.20, -337.40
-4953.20, -537.40
-4953.20, -737.40
-4953.20, -937.40
-4953.20, -1137.40
-4953.20, -1337.40
-4953.20, -1537.40
-4953.20, -1737.40
-4953.20, -1937.40
-4953.20, -2137.40
-4953.20, -2337.40
-4953.20, -2537.40
-4953.20, -2737.40
-4953.20, -2937.40
-4953.20, -3137.40
-4953.20, -3337.40
-4953.20, -3537.40
-4753.20, -3537.40
-4753.20, -3337.40
-4753.20, -3137.40
-4753.20, -2937.40
-4753.20, -2737.40
-4753.20, -2537.40
-4753.20, -2337.40
-4753.20, -2137.40
-4753.20, -1937.40
-4753.20, -1737.40
-4753.20, -1537.40
-4753.20, -1337.40
-4753.20, -1137.40
-4753.20, -937.40
-4753.20, -737.40
-4753.20, -537.40
-4753.20, -337.40
-4753.20, -137.40
-4753.20, 62.60
-4753.20, 262.60
-4753.20, 462.60
-4753.20, 662.60
-4753.20, 862.60
-4753.20, 1062.60
-4753.20, 1262.60
-4753.20, 1462.60
-4753.20, 1662.60
-4753.20, 1862.60
-4553.20, 2062.60
-4553.20, 1862.60
-4553.20, 1662.60
-4553.20, 1462.60
-4553.20, 1262.60
-4553.20, 1062.60
-4553.20, 862.60
-4553.20, 662.60
-4553.20, 462.60
-4553.20, 262.60
-4553.20, 62.60
-4553.20, -137.40
-4553.20, -337.40
-4553.20, -537.40
-4553.20, -737.40
-4553.20, -937.40
-4553.20, -1137.40
-4553.20, -1337.40
-4553.20, -1537.40
-4553.20, -1737.40
-4553.20, -1937.40
-4553.20, -2137.40
-4553.20, -2337.40
-4553.20, -2537.40
-4553.20, -2737.40
-4553.20, -2937.40
-4553.20, -3137.40
-4553.20, -3337.40
-4553.20, -3537.40
-4353.20, -3337.40
-4353.20, -3137.40
-4353.20, -2937.40
-4353.20, -2737.40
-4353.20, -2537.40
-4353.20, -2337.40
-4353.20, -2137.40
-4353.20, -1937.40
-4353.20, -1737.40
-4353.20, -1537.40
-4353.20, -1337.40
-4353.20, -1137.40
-4353.20, -937.40
-4353.20, -737.40
-4353.20, -537.40
-4353.20, -337.40
-4353.20, -137.40
-4353.20, 62.60
-4353.20, 262.60
-4353.20, 462.60
-4353.20, 662.60
-4353.20, 862.60
-4353.20, 1062.60
-4353.20, 1262.60
-4353.20, 1462.60
-4353.20, 1662.60
-4353.20, 1862.60
-4353.20, 2062.60
-4153.20, 2062.60
-4153.20, 1862.60
-4153.20, 1662.60
-4153.20, 1462.60
-4153.20, 1262.60
-4153.20, 1062.60
-4153.20, 862.60
-4153.20, 662.60
-4153.20, 462.60
-4153.20, 262.60
-4153.20, 62.60
-4153.20, -137.40
-4153.20, -337.40
-4153.20, -537.40
-4153.20, -737.40
-4153.20, -937.40
-4153.20, -1137.40
-4153.20, -1337.40
-4153.20, -1537.40
-4153.20, -1737.40
-4153.20, -1937.40
-4153.20, -2137.40
-4153.20, -2337.40
-4153.20, -2537.40
-4153.20, -2737.40
-4153.20, -2937.40
-4153.20, -3137.40
-3953.20, -2937.40
-3953.20, -2737.40
-3953.20, -2537.40
-3953.20, -2337.40
-3953.20, -2137.40
-3953.20, -1937.40
-3953.20, -1737.40
-3953.20, -1537.40
-3953.20, -1337.40
-3953.20, -1137.40
-3953.20, -937.40
-3953.20, -737.40
-3953.20, -537.40
-3953.20, -337.40
-3953.20, -137.40
-3953.20, 62.60
-3953.20, 262.60
-3953.20, 462.60
-3953.20, 662.60
-3953.20, 862.60
-3953.20, 1062.60
-3953.20, 1262.60
-3953.20, 1462.60
-3953.20, 1662.60
-3953.20, 1862.60
-3953.20, 2062.60
-3753.20, 2062.60
-3753.20, 1862.60
-3753.20, 1662.60
-3753.20, 1462.60
-3753.20, 1262.60
-3753.20, 1062.60
-3753.20, 862.60
-3753.20, 662.60
-3753.20, 462.60
-3753.20, 262.60
-3753.20, 62.60
-3753.20, -137.40
-3753.20, -337.40
-3753.20, -537.40
-3753.20, -737.40
-3753.20, -937.40
-3753.20, -1137.40
-3753.20, -1337.40
-3753.20, -1537.40
-3753.20, -1737.40
-3753.20, -1937.40
-3753.20, -2137.40
-3753.20, -2337.40
-3753.20, -2537.40
-3753.20, -2737.40
-3753.20, -2937.40
-3553.20, -2937.40
-3553.20, -2737.40
-3553.20, -2537.40
-3553.20, -2337.40
-3553.20, -2137.40
-3553.20, -1937.40
-3553.20, -1737.40
-3553.20, -1537.40
-3553.20, -1337.40
-3553.20, -1137.40
-3553.20, -937.40
-3553.20, -737.40
-3553.20, -537.40
-3553.20, -337.40
-3553.20, -137.40
-3553.20, 62.60
-3553.20, 262.60
-3553.20, 462.60
-3553.20, 662.60
-3553.20, 862.60
-3553.20, 1062.60
-3553.20, 1262.60
-3553.20, 1462.60
-3553.20, 1662.60
-3553.20, 1862.60
-3553.20, 2062.60
-3353.20, 2262.60
-3353.20, 2062.60
-3353.20, 1862.60
-3353.20, 1662.60
-3353.20, 1462.60
-3353.20, 1262.60
-3353.20, 1062.60
-3353.20, 862.60
-3353.20, 662.60
-3353.20, 462.60
-3353.20, 262.60
-3353.20, 62.60
-3353.20, -137.40
-3353.20, -337.40
-3353.20, -537.40
-3353.20, -737.40
-3353.20, -937.40
-3353.20, -1137.40
-3353.20, -1337.40
-3353.20, -1537.40
-3353.20, -1737.40
-3353.20, -1937.40
-3353.20, -2137.40
-3353.20, -2337.40
-3353.20, -2537.40
-3353.20, -2737.40
-3353.20, -2937.40
-3153.20, -2937.40
-3153.20, -2737.40
-3153.20, -2537.40
-3153.20, -2337.40
-3153.20, -2137.40
-3153.20, -1937.40
-3153.20, -1737.40
-3153.20, -1537.40
-3153.20, -1337.40
-3153.20, -1137.40
-3153.20, -937.40
-3153.20, -737.40
-3153.20, -537.40
-3153.20, -337.40
-3153.20, -137.40
-3153.20, 62.60
-3153.20, 262.60
-3153.20, 462.60
-3153.20, 662.60
-3153.20, 862.60
-3153.20, 1062.60
-3153.20, 1262.60
-3153.20, 1462.60
-3153.20, 1662.60
-3153.20, 1862.60
-3153.20, 2062.60
-3153.20, 2262.60
-2953.20, 2262.60
-2953.20, 2062.60
-2953.20, 1862.60
-2953.20, 1662.60
-2953.20, 1462.60
-2953.20, 1262.60
-2953.20, 1062.60
-2953.20, 862.60
-2953.20, 662.60
-2953.20, 462.60
-2953.20, 262.60
-2953.20, 62.60
-2953.20, -137.40
-2953.20, -337.40
-2953.20, -537.40
-2953.20, -737.40
-2953.20, -937.40
-2953.20, -1137.40
-2953.20, -1337.40
-2953.20, -1537.40
-2953.20, -1737.40
-2953.20, -1937.40
-2953.20, -2137.40
-2953.20, -2337.40
-2953.20, -2537.40
-2953.20, -2737.40
-2953.20, -2937.40
-2753.20, -2937.40
-2753.20, -2737.40
-2753.20, -2537.40
-2753.20, -2337.40
-2753.20, -2137.40
-2753.20, -1937.40
-2753.20, -1737.40
-2753.20, -1537.40
-2753.20, -1337.40
-2753.20, -1137.40
-2753.20, -937.40
-2753.20, -737.40
-2753.20, -537.40
-2753.20, -337.40
-2753.20, -137.40
-2753.20, 62.60
-2753.20, 262.60
-2753.20, 462.60
-2753.20, 662.60
-2753.20, 862.60
-2753.20, 1062.60
-2753.20, 1262.60
-2753.20, 1462.60
-2753.20, 1662.60
-2753.20, 1862.60
-2753.20, 2062.60
-2753.20, 2262.60
-2553.20, 2262.60
-2553.20, 2062.60
-2553.20, 1862.60
-2553.20, 1662.60
-2553.20, 1462.60
-2553.20, 1262.60
-2553.20, 1062.60
-2553.20, 862.60
-2553.20, 662.60
-2553.20, 462.60
-2553.20, 262.60
-2553.20, 62.60
-2553.20, -137.40
-2553.20, -337.40
-2553.20, -537.40
-2553.20, -737.40
-2553.20, -937.40
-2553.20, -1137.40
-2553.20, -1337.40
-2553.20, -1537.40
-2553.20, -1737.40
-2553.20, -1937.40
-2553.20, -2137.40
-2553.20, -2337.40
-2553.20, -2537.40
-2553.20, -2737.40
-2353.20, -2737.40
-2353.20, -2537.40
-2353.20, -2337.40
-2353.20, -2137.40
-2353.20, -1937.40
-2353.20, -1737.40
-2353.20, -1537.40
-2353.20, -1337.40
-2353.20, -1137.40
-2353.20, -937.40
-2353.20, -737.40
-2353.20, -537.40
-2353.20, -337.40
-2353.20, -137.40
-2353.20, 62.60
-2353.20, 262.60
-2353.20, 462.60
-2353.20, 662.60
-2353.20, 862.60
-2353.20, 1062.60
-2353.20, 1262.60
-2353.20, 1462.60
-2353.20, 1662.60
-2353.20, 1862.60
-2353.20, 2062.60
-2353.20, 2262.60
-2153.20, 2262.60
-2153.20, 2062.60
-2153.20, 1862.60
-2153.20, 1662.60
-2153.20, 1462.60
-2153.20, 1262.60
-2153.20, 1062.60
-2153.20, 862.60
-2153.20, 662.60
-2153.20, 462.60
-2153.20, 262.60
-2153.20, 62.60
-2153.20, -137.40
-2153.20, -337.40
-2153.20, -537.40
-2153.20, -737.40
-2153.20, -937.40
-2153.20, -1137.40
-2153.20, -1337.40
-2153.20, -1537.40
-2153.20, -1737.40
-2153.20, -1937.40
-2153.20, -2137.40
-2153.20, -2337.40
-2153.20, -2537.40
-1953.20, -1537.40
-1953.20, -1337.40
-1953.20, -1137.40
-1953.20, -937.40
-1953.20, -737.40
-1953.20, -537.40
-1953.20, -337.40
-1953.20, -137.40
-1953.20, 62.60
-1953.20, 262.60
-1953.20, 462.60
-1953.20, 662.60
-1953.20, 862.60
-1953.20, 1062.60
-1953.20, 1262.60
-1953.20, 1462.60
-1953.20, 1662.60
-1953.20, 1862.60
-1953.20, 2062.60
-1753.20, 2062.60
-1753.20, 1862.60
-1753.20, 1662.60
-1753.20, 1462.60
-1753.20, 1262.60
-1753.20, 1062.60
-1753.20, 862.60
-1753.20, 662.60
-1753.20, 462.60
-1753.20, 262.60
-1753.20, 62.60
-1753.20, -137.40
-1753.20, -337.40
-1753.20, -537.40
-1553.20, 1662.60
-1553.20, 1862.60
-478.45, -2502.68
-55.90, -3423.30
-55.90, -3223.30
-55.90, -3023.30
144.10, -2623.30
144.10, -2823.30
144.10, -3023.30
144.10, -3223.30
144.10, -3423.30
344.10, -3423.30
344.10, -3223.30
344.10, -3023.30
344.10, -2823.30
344.10, -2623.30
344.10, -2423.30
544.10, -823.30
544.10, -1023.30
544.10, -2023.30
544.10, -2223.30
544.10, -2423.30
544.10, -2623.30
544.10, -2823.30
544.10, -3023.30
544.10, -3223.30
544.10, -3423.30
744.10, -3223.30
744.10, -3023.30
744.10, -2823.30
744.10, -2623.30
744.10, -2423.30
744.10, -2223.30
744.10, -2023.30
744.10, -1823.30
744.10, -1623.30
744.10, -1423.30
744.10, -1223.30
744.10, -1023.30
744.10, -823.30
944.10, -823.30
944.10, -1023.30
944.10, -1223.30
944.10, -1423.30
944.10, -1623.30
944.10, -1823.30
944.10, -2023.30
944.10, -2223.30
944.10, -2423.30
944.10, -2623.30
944.10, -2823.30
944.10, -3023.30
1144.10, -2823.30
1144.10, -2623.30
1144.10, -2423.30
1144.10, -2223.30
1144.10, -2023.30
1144.10, -1823.30
1144.10, -1623.30
1144.10, -1423.30
1144.10, -1223.30
1144.10, -1023.30
1344.10, -1223.30
1344.10, -1423.30
1344.10, -1623.30
1344.10, -1823.30
1344.10, -2023.30
1344.10, -2223.30
1344.10, -2423.30
1344.10, -2623.30
1344.10, -2823.30
1544.10, -2623.30
1544.10, -2423.30
1544.10, -2223.30
1544.10, -2023.30
1544.10, -1823.30
1544.10, -1623.30
1544.10, -1423.30
1544.10, -1223.30
1744.10, -1423.30
1744.10, -1623.30
1744.10, -1823.30
1744.10, -2023.30
1744.10, -2223.30
1744.10, -2423.30
2749.27, -1285.20
6883.80, -1438.70
6883.80, -1638.70
6883.80, -1838.70
6883.80, -2038.70
6883.80, -2238.70
6883.80, -2638.70
7083.80, -2638.70
7083.80, -2438.70
7083.80, -2238.70
7083.80, -2038.70
7083.80, -1838.70
7083.80, -1638.70
7083.80, -1438.70
7283.80, -2038.70
7283.80, -2238.70
7283.80, -2438.70
2084.61, -3708.63
-830.65, -3149.54
